0 56
1 60
2 60
3 61
4 59
5 60
6 59
7 59
8 57
9 59
10 59
11 60
12 57
13 57
14 57
15 58
16 56
17 55
18 55
19 56
20 55
21 57
22 54
23 54
24 52
25 53
26 53
27 54
28 52
29 52
30 53
31 52
32 48
33 50
34 50
35 55
36 50
37 50
38 49
39 49
40 47
41 49
42 49
43 50
44 47
45 47
46 47
47 48
48 46
49 45
50 45
51 46
52 45
53 47
54 44
55 44
56 42
57 43
58 43
59 44
60 42
61 42
62 43
63 42
64 37
65 40
66 40
67 42
68 44
69 40
70 39
71 39
72 37
73 39
74 39
75 41
76 37
77 37
78 37
79 38
80 36
81 35
82 35
83 36
84 35
85 37
86 34
87 34
88 32
89 33
90 33
91 34
92 32
93 32
94 33
95 32
96 28
97 30
98 30
99 36
100 30
101 30
102 29
103 29
104 27
105 29
106 29
107 30
108 27
109 27
110 27
111 28
112 26
113 25
114 25
115 26
116 25
117 27
118 24
119 24
120 22
121 23
122 23
123 24
124 22
125 22
126 23
127 22
128 16
129 22
130 22
131 21
132 19
133 21
134 20
135 21
136 19
137 20
138 20
139 20
140 20
141 24
142 20
143 20
144 17
145 19
146 19
147 19
148 18
149 19
150 19
151 20
152 18
153 18
154 18
155 18
156 17
157 20
158 19
159 18
160 14
161 17
162 17
163 17
164 16
165 17
166 17
167 18
168 16
169 16
170 16
171 16
172 15
173 19
174 17
175 16
176 13
177 15
178 15
179 15
180 14
181 15
182 15
183 16
184 14
185 14
186 14
187 14
188 13
189 15
190 15
191 14
192 9
193 13
194 13
195 13
196 13
197 13
198 14
199 15
200 13
201 12
202 12
203 12
204 11
205 15
206 18
207 12
208 9
209 11
210 11
211 11
212 10
213 11
214 11
215 12
216 10
217 10
218 10
219 10
220 9
221 12
222 11
223 10
224 6
225 9
226 9
227 9
228 8
229 9
230 9
231 10
232 8
233 8
234 8
235 8
236 7
237 16
238 9
239 8
240 5
241 7
242 7
243 7
244 6
245 7
246 7
247 10
248 7
249 6
250 6
251 6
252 5
253 6
254 8
255 7
256 0
257 5
258 5
259 8
260 3
261 6
262 4
263 5
264 3
265 6
266 6
267 7
268 3
269 7
270 4
271 5
272 2
273 7
274 6
275 5
276 4
277 5
278 6
279 7
280 3
281 5
282 7
283 6
284 3
285 6
286 4
287 5
288 1
289 7
290 6
291 8
292 3
293 6
294 4
295 5
296 5
297 6
298 5
299 5
300 4
301 5
302 6
303 6
304 3
305 5
306 5
307 6
308 3
309 7
310 4
311 5
312 3
313 6
314 8
315 6
316 3
317 6
318 4
319 5
320 0
321 5
322 5
323 5
324 3
325 5
326 4
327 5
328 4
329 5
330 7
331 14
332 4
333 8
334 5
335 6
336 3
337 7
338 9
339 5
340 3
341 5
342 4
343 5
344 3
345 5
346 5
347 5
348 3
349 5
350 4
351 5
352 1
353 5
354 5
355 6
356 4
357 6
358 5
359 6
360 3
361 6
362 5
363 5
364 3
365 5
366 4
367 5
368 2
369 5
370 5
371 5
372 3
373 5
374 4
375 5
376 5
377 5
378 7
379 7
380 6
381 7
382 6
383 7
384 1
385 6
386 6
387 5
388 3
389 5
390 4
391 5
392 3
393 5
394 5
395 5
396 3
397 5
398 4
399 5
400 2
401 5
402 5
403 8
404 4
405 7
406 5
407 6
408 3
409 7
410 5
411 5
412 3
413 5
414 4
415 5
416 1
417 5
418 5
419 5
420 3
421 5
422 4
423 5
424 4
425 5
426 6
427 6
428 4
429 6
430 5
431 6
432 3
433 6
434 6
435 5
436 3
437 5
438 4
439 5
440 3
441 5
442 5
443 5
444 3
445 5
446 4
447 5
448 0
449 9
450 6
451 7
452 3
453 6
454 4
455 5
456 5
457 6
458 5
459 5
460 4
461 5
462 6
463 6
464 3
465 5
466 5
467 6
468 3
469 7
470 4
471 5
472 3
473 7
474 6
475 9
476 3
477 10
478 4
479 5
480 1
481 6
482 14
483 5
484 4
485 5
486 6
487 7
488 3
489 5
490 6
491 9
492 3
493 9
494 4
495 5
496 2
497 7
498 6
499 6
500 3
501 11
502 4
503 5
504 4
505 9
506 5
507 5
508 5
509 5
510 5
511 11
512 5
513 5
514 5
515 6
516 3
517 7
518 4
519 5
520 3
521 9
522 7
523 6
524 3
525 6
526 4
527 5
528 2
529 6
530 7
531 5
532 4
533 5
534 6
535 7
536 3
537 5
538 6
539 9
540 3
541 9
542 4
543 5
544 1
545 6
546 7
547 6
548 3
549 7
550 4
551 5
552 5
553 10
554 5
555 5
556 4
557 5
558 6
559 6
560 3
561 5
562 5
563 7
564 3
565 6
566 4
567 5
568 3
569 7
570 6
571 7
572 3
573 7
574 4
575 5
576 0
577 5
578 5
579 5
580 3
581 5
582 4
583 5
584 4
585 5
586 6
587 6
588 4
589 6
590 5
591 6
592 3
593 6
594 6
595 5
596 3
597 5
598 4
599 5
600 3
601 5
602 5
603 5
604 3
605 5
606 4
607 5
608 1
609 5
610 5
611 7
612 4
613 8
614 5
615 6
616 3
617 8
618 5
619 5
620 3
621 5
622 4
623 5
624 2
625 5
626 5
627 5
628 3
629 5
630 4
631 5
632 5
633 5
634 6
635 6
636 5
637 6
638 6
639 8
640 5
641 6
642 6
643 5
644 3
645 5
646 4
647 5
648 3
649 5
650 5
651 5
652 3
653 5
654 4
655 5
656 2
657 5
658 5
659 9
660 4
661 7
662 5
663 6
664 3
665 7
666 5
667 5
668 3
669 5
670 4
671 5
672 1
673 5
674 5
675 5
676 3
677 5
678 4
679 5
680 4
681 5
682 6
683 6
684 4
685 6
686 5
687 6
688 3
689 6
690 6
691 5
692 3
693 5
694 4
695 5
696 3
697 5
698 5
699 5
700 3
701 5
702 4
703 5
704 0
705 8
706 6
707 7
708 3
709 6
710 4
711 5
712 5
713 6
714 5
715 5
716 4
717 5
718 6
719 6
720 3
721 5
722 5
723 6
724 3
725 7
726 4
727 5
728 3
729 7
730 6
731 8
732 3
733 8
734 4
735 5
736 1
737 6
738 8
739 5
740 4
741 5
742 6
743 7
744 3
745 5
746 6
747 8
748 3
749 8
750 4
751 5
752 2
753 7
754 6
755 6
756 3
757 8
758 4
759 5
760 4
761 8
762 5
763 5
764 5
765 5
766 5
767 13
768 5
769 5
770 5
771 6
772 3
773 7
774 4
775 5
776 3
777 8
778 7
779 6
780 3
781 6
782 4
783 5
784 2
785 6
786 7
787 5
788 4
789 5
790 6
791 7
792 3
793 5
794 6
795 8
796 3
797 8
798 4
799 5
800 1
801 6
802 7
803 6
804 3
805 7
806 4
807 5
808 5
809 8
810 5
811 5
812 4
813 5
814 6
815 6
816 3
817 5
818 5
819 7
820 3
821 6
822 4
823 5
824 3
825 7
826 6
827 7
828 3
829 7
830 4
831 5
832 0
833 5
834 5
835 5
836 3
837 5
838 4
839 5
840 4
841 5
842 6
843 6
844 4
845 6
846 5
847 6
848 3
849 6
850 6
851 5
852 3
853 5
854 4
855 5
856 3
857 5
858 5
859 5
860 3
861 5
862 4
863 5
864 1
865 5
866 5
867 7
868 4
869 8
870 5
871 6
872 3
873 8
874 5
875 5
876 3
877 5
878 4
879 5
880 2
881 5
882 5
883 5
884 3
885 5
886 4
887 5
888 7
889 5
890 6
891 6
892 8
893 6
894 7
895 7
896 1
897 7
898 7
899 5
900 3
901 5
902 4
903 5
904 3
905 5
906 5
907 5
908 3
909 5
910 4
911 5
912 2
913 5
914 5
915 6
916 4
917 6
918 5
919 6
920 3
921 6
922 5
923 5
924 3
925 5
926 4
927 5
928 1
929 5
930 5
931 5
932 3
933 5
934 4
935 5
936 4
937 5
938 7
939 8
940 4
941 8
942 5
943 6
944 3
945 8
946 7
947 5
948 3
949 5
950 4
951 5
952 3
953 5
954 5
955 5
956 3
957 5
958 4
959 5
960 0
961 6
962 8
963 6
964 3
965 10
966 4
967 5
968 5
969 7
970 5
971 5
972 4
973 5
974 6
975 6
976 3
977 5
978 5
979 7
980 3
981 6
982 4
983 5
984 3
985 6
986 7
987 6
988 3
989 6
990 4
991 5
992 1
993 8
994 6
995 5
996 4
997 5
998 6
999 7
1000 3
1001 5
1002 7
1003 6
1004 3
1005 6
1006 4
1007 5
1008 2
1009 6
1010 7
1011 7
1012 3
1013 6
1014 4
1015 5
1016 4
1017 8
1018 5
1019 5
1020 5
1021 5
1022 5
1023 9
1024 0
